3.935853379379518693e-03
1.149356567022747667e-02
-7.542151124011856056e-02
-9.817338940675390813e-02
4.890860671704890840e-03
2.742871128753328336e-02
-6.954809120089633367e-02
-8.897996770241903275e-02
6.913584827014773726e-02
1.555275575011615119e-01
-3.356527238255441192e-02
-4.149737046737999452e-02
2.034485778849330281e-02
1.365235092726909405e-01
-2.247210102005679777e-02
-2.498691931651932444e-02
-4.023542305717481673e-04
7.009687794779726096e-03
-2.254287488038634463e-02
-2.102638734680862057e-02
1.698374188146908881e-02
1.622992915365490882e-02
-3.646656682682285211e-02
-5.576041403871577484e-02
-4.741210362512097640e-03
-3.545578972470434659e-02
-5.676685923879162821e-02
-3.671661648836576503e-02
-1.297112661360817938e-02
8.730176198035489998e-03
-1.388489382237154297e-02
2.370853929648357797e-02
-1.388139984677228510e-02
-1.038807166573845961e-02
-1.103772505160441168e-02
-1.972494385752930071e-04
2.866177164897386678e-02
1.580060425114793859e-02
-1.086065501500314834e-02
2.416274016508419831e-02
4.629644112187155519e-02
4.796068593471255331e-02
2.599894084887827833e-02
-2.516738610248797983e-02
-4.048431836938587436e-02
1.127908054477152686e-02
4.064063925288785573e-02
-4.256610643549472300e-02
-6.324121347268778226e-02
2.966611653109221813e-02
6.413103933156698300e-02
-9.843167142675007114e-03
-4.079484574206809766e-02
-1.295359479871676690e-02
1.426542671225840796e-02
-2.385146038179207940e-04
2.754989507665827134e-02
3.974832745025213415e-02
1.312558010253936022e-02
-5.748611282297888883e-03
-1.640373630849376735e-02
1.292660584682612558e-02
2.611264149486714967e-02
-1.918155228123486628e-02
-4.661166961167523271e-02
9.774134579818979582e-03
3.238035314790423808e-02
-3.261455063579180025e-02
-2.570040265371683827e-02
-6.566136497769005896e-03
