4.831407083070617687e-17
2.332142971656808172e-01
3.073630730377507336e-01
3.502612852951620948e-01
4.555921394306359229e-01
5.042158310864769399e-01
5.451362618097070900e-01
5.829420412167584109e-01
6.308104686139415218e-01
6.682092317923885583e-01
6.997912172051165003e-01
7.261613400025207499e-01
7.536524391496971509e-01
7.804818573076914845e-01
8.036221406753968344e-01
8.259167407177981923e-01
8.455842867969297627e-01
8.623496089484015137e-01
8.778740927817940687e-01
8.938365259446984235e-01
9.087381575656328092e-01
9.225041582051026756e-01
9.345990803092200094e-01
9.472228983594551677e-01
9.573738924966376240e-01
9.669475863717850173e-01
9.770384221652259615e-01
9.849379597936966935e-01
9.919609132146945951e-01
9.973688366864983390e-01
1.002054864605016027e+00
1.007415756119094619e+00
1.013402950223583954e+00
1.021011113911004520e+00
1.028929054840551638e+00
1.037978292458338725e+00
1.047080601810137734e+00
1.057046658824321694e+00
1.066319549760881724e+00
1.076791969481014188e+00
1.087821184312067091e+00
