-1.488391757895064955e-02
-5.767188753099048749e-03
1.285595715870332945e-02
4.026198548755810687e-03
-4.320586319847338243e-03
-9.395283603654198609e-03
1.087568613670021438e-02
-1.198466816956064718e-02
-2.032859967397938200e-02
-3.517824352037134811e-02
1.726064921661752197e-02
1.210810914006688228e-02
-1.195447558498151678e-03
-3.026973203132549486e-02
4.755340526303567829e-03
-8.193668232419437300e-03
-2.149659411479233877e-03
2.354310664585661239e-02
4.358868177888176529e-03
-4.491543390784407189e-03
7.925287823723569866e-03
2.695009778065393310e-02
7.326061956831078810e-03
-4.319317360428901603e-03
9.162455012178936584e-03
2.535307010516542597e-03
1.795433546601180692e-03
-2.116018775324688544e-02
5.082669815454700021e-03
-1.719830844003755396e-02
3.092240829906751573e-02
-6.063642327547793739e-03
-1.110736774860060505e-02
-3.662806458202427090e-02
3.874099850791833805e-02
3.301251996122305660e-02
1.567535890374268867e-02
-1.452609797066371777e-03
-1.046225963893399752e-02
1.109461197591413324e-02
1.761474402134762668e-02
-1.303021736339808438e-02
-2.169705090117394000e-02
9.424500918709821260e-04
7.383756248414280465e-03
-1.631280209366916048e-02
-2.261944505411305623e-02
1.466817115973093229e-02
7.322740013148909370e-03
-9.162673298038709682e-03
-2.164450522188519910e-02
4.036330759774659394e-04
-1.234090588797614498e-02
3.123560405354537314e-02
1.427994107571312239e-02
-2.282654057815662694e-03
9.765348647691180287e-03
-1.012374980660848446e-02
-1.258317481436632516e-02
4.582910016615215215e-03
1.297891382472831159e-02
-1.409379266963125057e-02
-1.747116371775933250e-02
4.671055253331691040e-03
8.879738424995946289e-03
-1.745591782718690713e-02
-1.620873752583837021e-02
-5.876501778214997772e-03
-2.125448064610540710e-03
5.590150677702219973e-04
